841;0;3132.00;14.32;1328.00;0.00;0.20
863;0;3139.00;13.52;1327.00;0.00;0.08
895;0;3173.00;9.50;1329.00;0.00;0.28
976;0;959.00;13.10;1463.00;0.00;0.36
966;0;3146.00;12.90;1329.00;0.00;0.24
976;0;3153.00;11.45;1296.00;0.00;0.16
1106;0;3127.00;9.65;1290.00;0.00;0.24
1109;0;3165.00;10.15;1293.00;0.00;0.28
1164;0;3188.00;10.25;1236.00;0.00;0.16
1173;0;3147.00;9.67;1269.00;0.00;0.28
1205;0;3143.00;12.15;1303.00;0.00;0.20
3401;0;3198.40;9.50;1278.69;0.00;0.44
3526;0;3162.00;10.47;1343.00;0.00;0.20
3844;0;3158.00;10.57;1312.00;0.00;0.20
3864;0;3165.00;9.50;1310.00;0.00;0.20
3914;0;3132.00;12.42;1317.00;0.00;0.20
3936;0;3170.00;10.90;1338.00;0.00;0.20
3973;0;3154.00;10.10;1320.00;0.00;0.20
3980;0;3142.00;11.87;1323.00;0.00;0.16
3988;0;3160.00;10.70;1284.00;0.00;0.20
4078;0;3154.00;12.15;1276.00;0.00;0.32
4109;0;3176.00;9.97;1287.00;0.00;0.24
4170;0;3208.00;9.50;1233.00;0.00;0.16
4178;0;3160.00;9.50;1264.00;0.00;0.28
4193;0;3142.00;9.72;1281.00;0.00;0.24
6550;0;3212.20;9.60;1293.62;0.00;0.44
6930;0;3128.00;9.50;1308.00;0.00;0.16
6990;0;3178.00;9.75;1342.00;0.00;0.20
7096;0;3163.00;9.50;1278.00;0.00;0.24
7127;0;3177.00;11.85;1296.00;0.00;0.44
7211;0;3146.00;10.15;1287.00;0.00;0.20
8435;0;3215.12;10.40;1310.33;0.00;0.52
9791;0;3183.00;10.47;1347.00;0.00;0.16
9805;0;3125.00;10.62;1313.00;0.00;0.16
9837;0;3139.00;12.97;1336.00;0.00;0.20
9916;0;3133.00;9.55;1307.00;0.00;0.08
9930;0;3187.00;9.50;1340.00;0.00;0.24
9940;0;3197.00;11.42;1233.00;0.00;0.20
10163;0;3155.00;10.62;1334.00;0.00;0.24
10203;0;3114.00;9.60;1314.00;0.00;0.24
11774;0;3204.00;11.42;1344.00;0.00;0.20
11786;0;3146.00;9.95;1316.00;0.00;0.20
11818;0;3165.51;10.30;1337.44;0.00;0.16
11895;0;3150.00;11.17;1310.00;0.00;0.20
11905;0;3215.00;10.67;1348.00;0.00;0.28
11965;0;3172.00;9.50;1285.00;0.00;0.08
12001;0;3135.00;11.40;1301.00;0.00;0.24
12058;0;3178.00;10.92;1238.00;0.00;0.20
13364;0;3123.00;10.40;1317.00;0.00;0.16
13365;0;3126.00;11.95;1322.00;0.00;0.12
13366;0;3130.00;13.02;1320.00;0.00;0.20
13367;0;3182.00;9.50;1328.00;0.00;0.12
13368;0;3154.00;11.10;1326.00;0.00;0.24
13369;0;3159.00;10.20;1301.00;0.00;0.16
13370;0;3194.00;11.00;1345.00;0.00;0.20
13371;0;3187.00;11.22;1349.00;0.00;0.16
13372;0;3173.00;10.60;1347.00;0.00;0.16
13373;0;3151.00;14.05;1302.00;0.00;0.20
13374;0;3159.00;10.60;1306.00;0.00;0.12
13375;0;3145.00;12.07;1308.00;0.00;0.16
13376;0;3140.00;12.37;1315.00;0.00;0.20
13377;0;3136.00;13.75;1322.00;0.00;0.12
13378;0;3156.00;10.22;1316.00;0.00;0.12
13379;0;3142.00;9.80;1296.00;0.00;0.20
13380;0;3136.00;11.75;1311.00;0.00;0.20
13381;0;3130.00;10.32;1311.00;0.00;0.08
13382;0;3164.25;10.10;1335.04;0.00;0.08
841;1;3131.00;13.40;1326.50;-0.58;0.20
863;1;3139.00;13.55;1326.50;0.00;0.08
895;1;3174.50;9.55;1329.00;1.57;0.28
976;1;958.50;12.90;1458.50;-0.11;0.36
966;1;3145.50;12.45;1327.00;-0.24;0.24
976;1;3152.50;10.30;1294.50;-0.32;0.16
1106;1;3126.50;9.60;1290.00;4.71;0.24
1109;1;3167.00;9.50;1289.50;0.51;0.28
1164;1;3187.00;9.50;1235.00;-0.78;0.16
1173;1;3148.00;9.50;1267.00;0.46;0.28
1205;1;3143.00;11.90;1301.50;0.00;0.20
3401;1;3193.91;9.50;1283.63;4.05;0.44
3526;1;3159.50;10.20;1341.50;-1.03;0.20
3844;1;3156.00;10.35;1309.50;-0.67;0.20
3864;1;3165.50;9.50;1310.00;1.57;0.20
3914;1;3131.50;12.50;1315.50;-0.32;0.20
3936;1;3170.00;10.85;1335.50;0.00;0.20
3973;1;3151.50;10.40;1319.50;-1.37;0.20
3980;1;3142.50;11.45;1322.00;0.46;0.16
3988;1;3160.00;11.05;1283.00;0.00;0.20
4078;1;3156.00;12.20;1273.50;0.67;0.32
4109;1;3177.50;9.95;1286.00;0.98;0.24
4170;1;3209.00;9.50;1232.00;0.78;0.16
4178;1;3160.00;9.50;1260.50;0.00;0.28
4193;1;3140.00;9.50;1281.00;4.71;0.24
6550;1;3220.00;9.50;1283.00;1.10;0.44
6930;1;3128.50;9.50;1306.50;0.32;0.16
6990;1;3177.50;9.55;1340.00;-0.24;0.20
7096;1;3164.50;9.50;1277.00;0.98;0.24
7127;1;3180.00;9.50;1292.00;0.64;0.44
7211;1;3144.50;10.20;1285.50;-0.78;0.20
8435;1;3211.50;9.50;1311.50;0.66;0.52
9791;1;3184.50;10.50;1345.50;0.78;0.16
9805;1;3123.50;9.65;1312.00;-0.98;0.16
9837;1;3136.50;13.40;1333.50;-0.78;0.20
9916;1;3133.00;9.50;1306.00;0.00;0.08
9930;1;3187.50;9.50;1338.50;0.32;0.24
9940;1;3195.50;10.15;1231.00;-0.64;0.20
10163;1;3152.50;11.70;1332.50;-1.03;0.24
10203;1;3114.50;9.70;1314.00;1.57;0.24
11774;1;3203.00;10.12;1342.00;-0.46;0.20
11786;1;3147.50;9.80;1314.50;0.78;0.20
11818;1;3165.71;9.70;1332.47;0.46;0.16
11895;1;3151.00;11.60;1308.50;0.58;0.20
11905;1;3212.00;11.47;1343.00;-0.54;0.28
11965;1;3172.00;9.50;1284.50;0.00;0.08
12001;1;3133.50;10.70;1302.00;4.12;0.24
12058;1;3179.00;9.57;1236.00;0.46;0.20
13364;1;3123.50;10.60;1316.00;0.46;0.16
13365;1;3125.50;11.50;1320.50;-0.32;0.12
13366;1;3128.00;12.25;1317.50;-0.67;0.20
13367;1;3182.00;9.50;1328.50;3.14;0.12
13368;1;3151.00;10.70;1323.50;-0.87;0.24
13369;1;3161.50;10.75;1299.00;0.89;0.16
13370;1;3192.50;10.60;1344.00;-0.98;0.20
13371;1;3189.00;11.60;1347.50;0.92;0.16
13372;1;3172.50;10.10;1345.00;-0.24;0.16
13373;1;3151.00;14.00;1299.50;0.00;0.20
13374;1;3159.00;10.35;1305.00;0.00;0.12
13375;1;3147.50;13.05;1306.00;0.89;0.16
13376;1;3139.00;12.57;1314.00;-0.78;0.20
13377;1;3135.00;14.05;1321.00;-0.78;0.12
13378;1;3153.50;10.20;1315.50;-1.37;0.12
13379;1;3141.00;9.50;1294.00;-0.46;0.20
13380;1;3137.00;11.50;1308.50;0.38;0.20
13381;1;3129.50;9.90;1310.00;-0.46;0.08
13382;1;3163.88;10.20;1334.72;2.35;0.08
841;2;3132.00;13.65;1326.50;0.00;0.20
863;2;3137.00;14.07;1327.00;4.71;0.08
895;2;3168.50;9.70;1330.50;4.39;0.28
976;2;961.50;13.40;1458.50;0.50;0.36
966;2;3148.00;12.60;1327.50;0.92;0.24
976;2;3150.50;10.50;1295.50;-1.37;0.16
1106;2;3128.00;9.50;1295.50;2.96;0.24
1109;2;3166.50;9.50;1289.50;0.40;0.28
1164;2;3190.00;10.80;1235.50;1.32;0.16
1173;2;3145.50;9.70;1268.50;-1.24;0.28
1205;2;3144.50;12.60;1303.00;1.57;0.20
3401;2;3204.03;9.70;1268.53;1.19;0.44
3526;2;3161.50;10.40;1341.50;-0.32;0.20
3844;2;3157.00;10.37;1310.00;-0.46;0.20
3864;2;3162.50;10.00;1309.50;-1.37;0.20
3914;2;3130.50;12.60;1315.50;-0.78;0.20
3936;2;3168.00;10.60;1337.00;-1.10;0.20
3973;2;3155.00;10.15;1318.50;0.58;0.20
3980;2;3144.00;11.20;1322.00;1.10;0.16
3988;2;3162.50;9.90;1283.50;1.37;0.20
4078;2;3158.00;12.20;1273.50;1.01;0.32
4109;2;3174.50;9.80;1286.50;-1.24;0.24
4170;2;3205.50;9.65;1233.00;4.71;0.16
4178;2;3162.50;9.50;1263.50;1.37;0.28
4193;2;3144.00;9.70;1278.00;0.58;0.24
6550;2;3213.50;9.50;1289.00;3.70;0.44
6930;2;3129.50;9.65;1308.00;1.57;0.16
6990;2;3176.00;9.87;1341.00;-1.10;0.20
7096;2;3159.50;10.75;1278.00;4.71;0.24
7127;2;3181.00;9.50;1292.50;0.85;0.44
7211;2;3148.00;11.57;1285.00;0.78;0.20
8435;2;3210.50;9.50;1316.50;1.76;0.52
9791;2;3182.00;10.35;1345.50;-0.58;0.16
9805;2;3126.00;10.15;1311.50;0.58;0.16
9837;2;3140.50;12.65;1334.00;0.64;0.20
9916;2;3132.00;9.50;1307.50;4.24;0.08
9930;2;3183.50;9.90;1340.50;4.57;0.24
9940;2;3199.00;9.75;1231.50;0.92;0.20
10163;2;3155.50;10.70;1332.50;0.32;0.24
10203;2;3116.50;9.50;1313.50;1.37;0.24
11774;2;3206.50;11.40;1343.50;1.37;0.20
11786;2;3144.50;10.40;1316.00;4.71;0.20
11818;2;3160.71;9.70;1335.55;0.00;0.16
11895;2;3149.00;11.80;1309.00;-0.78;0.20
11905;2;3215.00;11.00;1343.50;0.00;0.28
11965;2;3172.50;9.50;1285.50;2.35;0.08
12001;2;3136.00;11.60;1299.00;0.46;0.24
12058;2;3176.00;10.75;1238.50;4.46;0.20
13364;2;3121.50;9.50;1316.00;-0.98;0.16
13365;2;3127.50;12.75;1322.00;1.57;0.12
13366;2;3131.00;13.05;1319.50;1.10;0.20
13368;2;3150.50;11.00;1324.00;-1.05;0.24
13369;2;3158.00;11.75;1299.50;-0.58;0.16
13370;2;3195.00;10.00;1343.00;0.46;0.20
13371;2;3186.00;11.05;1348.50;-1.10;0.16
13372;2;3174.50;10.35;1346.00;0.98;0.16
13373;2;3149.50;13.80;1300.00;-0.64;0.20
13374;2;3161.50;10.45;1306.00;1.57;0.12
13375;2;3144.50;12.05;1307.00;-0.46;0.16
13376;2;3141.50;11.90;1313.00;0.64;0.20
13377;2;3137.00;14.25;1320.50;0.58;0.12
13378;2;3154.50;10.10;1315.00;-0.98;0.12
13379;2;3139.50;10.60;1296.50;4.51;0.20
13380;2;3135.00;10.50;1309.50;-0.58;0.20
13381;2;3131.00;10.00;1310.00;0.78;0.08
13382;2;3163.92;10.20;1334.88;4.71;0.08
841;3;3132.50;13.70;1326.50;0.32;0.20
863;3;3139.50;13.30;1327.50;2.35;0.08
895;3;3171.50;9.70;1331.00;3.78;0.28
976;3;955.50;12.45;1463.00;4.71;0.36
966;3;3143.00;12.65;1328.50;-1.40;0.24
976;3;3155.50;11.20;1296.00;1.57;0.16
1109;3;3167.50;9.50;1289.50;0.62;0.28
1164;3;3185.00;10.12;1236.00;4.71;0.16
1173;3;3150.00;9.50;1268.00;1.24;0.28
1205;3;3142.00;12.20;1303.50;4.24;0.20
3401;3;3194.28;9.70;1283.17;3.78;0.44
3526;3;3164.50;10.65;1342.00;1.19;0.20
3844;3;3156.00;10.40;1311.50;-1.32;0.20
3864;3;3163.00;9.57;1311.00;4.24;0.20
3914;3;3133.00;12.55;1316.00;0.78;0.20
3936;3;3172.50;10.80;1337.50;1.37;0.20
3973;3;3157.50;10.30;1320.00;1.57;0.20
3980;3;3141.00;12.42;1323.00;4.71;0.16
3988;3;3157.00;12.20;1283.50;-1.40;0.20
4078;3;3152.00;11.15;1274.50;-0.92;0.32
4109;3;3173.50;10.30;1288.50;4.17;0.24
4170;3;3207.50;9.50;1234.00;3.60;0.16
4178;3;3156.50;10.00;1265.50;4.30;0.28
4193;3;3144.50;10.10;1280.50;1.37;0.24
6550;3;3218.00;9.50;1286.50;2.21;0.44
6930;3;3127.00;9.50;1308.00;4.71;0.16
6990;3;3179.00;9.75;1341.50;1.10;0.20
7096;3;3161.50;9.75;1280.00;3.78;0.24
7127;3;3177.00;10.30;1294.00;0.00;0.44
7211;3;3149.50;12.00;1286.50;1.42;0.20
8435;3;3210.00;9.50;1308.00;0.24;0.52
9791;3;3185.50;10.70;1346.50;1.37;0.16
9805;3;3124.50;10.75;1314.00;3.60;0.16
9837;3;3136.50;12.95;1336.00;4.71;0.20
9916;3;3134.00;9.62;1307.00;1.57;0.08
9930;3;3189.00;9.50;1341.50;2.21;0.24
9940;3;3200.00;10.65;1233.00;1.57;0.20
10163;3;3158.00;9.70;1333.50;1.40;0.24
11774;3;3201.50;11.50;1344.50;4.51;0.20
11786;3;3148.50;9.90;1315.50;1.37;0.20
11818;3;3159.84;9.80;1337.05;4.71;0.16
11895;3;3152.00;10.75;1310.50;1.81;0.20
11905;3;3212.00;11.35;1345.50;-0.87;0.28
11965;3;3171.00;9.50;1285.50;4.24;0.08
12001;3;3132.00;9.82;1301.00;4.71;0.24
12058;3;3180.00;10.77;1237.00;1.10;0.20
13364;3;3122.50;10.20;1317.50;3.92;0.16
13365;3;3124.50;11.50;1322.50;4.39;0.12
13366;3;3128.00;12.12;1319.00;-1.10;0.20
13368;3;3153.50;10.60;1324.50;-0.32;0.24
13369;3;3160.50;9.70;1301.00;1.57;0.16
13370;3;3196.50;10.65;1345.00;1.57;0.20
13371;3;3189.00;11.55;1349.00;1.57;0.16
13372;3;3170.50;10.50;1346.00;-1.19;0.16
13373;3;3153.00;13.77;1302.00;1.57;0.20
13374;3;3156.50;10.65;1306.00;4.71;0.12
13375;3;3146.50;12.55;1308.00;1.57;0.16
13376;3;3143.00;11.35;1313.50;1.10;0.20
13377;3;3138.00;13.40;1322.50;1.81;0.12
13378;3;3157.00;10.35;1315.50;1.10;0.12
13379;3;3145.00;9.80;1295.50;1.40;0.20
13380;3;3138.00;12.55;1310.00;1.10;0.20
13381;3;3131.50;10.55;1311.00;1.57;0.08
841;4;3130.50;13.70;1328.00;4.71;0.20
863;4;3150.00;10.67;1312.00;4.71;0.22
976;4;962.50;13.35;1461.00;1.05;0.36
966;4;3148.00;13.22;1330.00;2.03;0.24
976;4;3153.50;12.35;1297.00;2.67;0.16
1109;4;3168.00;9.85;1291.50;1.10;0.28
1164;4;3188.50;10.60;1236.50;2.35;0.16
1173;4;3148.50;10.10;1271.00;2.49;0.28
1205;4;3143.50;12.40;1304.50;2.82;0.20
3526;4;3157.50;10.40;1343.00;4.71;0.20
3844;4;3159.50;10.75;1312.00;1.57;0.20
3864;4;3159.50;10.80;1309.50;2.60;0.22
3914;4;3132.00;12.57;1318.00;3.14;0.20
3936;4;3172.00;10.72;1339.00;2.03;0.20
3973;4;3153.50;10.10;1321.50;3.46;0.20
3980;4;3144.50;11.40;1322.50;1.37;0.16
3988;4;3156.50;11.95;1285.00;4.43;0.20
4078;4;3155.00;12.32;1277.00;2.35;0.32
4109;4;3175.50;10.70;1289.50;3.33;0.24
4170;4;3211.00;9.52;1234.00;1.89;0.16
4178;4;3159.00;11.25;1267.50;3.42;0.28
4193;4;3142.50;9.70;1282.50;2.82;0.24
6550;4;3214.00;9.50;1292.50;3.40;0.44
6930;4;3128.50;9.60;1308.50;2.35;0.16
6990;4;3177.00;10.00;1343.50;3.73;0.20
7096;4;3162.50;10.00;1281.50;3.33;0.26
7127;4;3174.50;10.60;1297.50;4.17;0.44
7211;4;3145.50;9.70;1288.50;3.46;0.20
9791;4;3181.50;10.60;1347.50;4.39;0.16
9805;4;3127.00;11.25;1313.50;1.81;0.16
9837;4;3141.50;13.40;1336.50;1.76;0.20
9916;4;3133.50;9.80;1307.50;2.35;0.08
9930;4;3186.50;9.60;1342.00;3.38;0.24
9940;4;3194.50;11.45;1234.00;4.33;0.20
10163;4;3153.50;10.70;1336.00;3.78;0.24
11774;4;3204.50;11.35;1346.00;2.89;0.20
11786;4;3147.50;9.90;1317.50;2.35;0.20
11818;4;3165.85;9.90;1335.57;1.57;0.16
11895;4;3148.00;11.05;1311.00;4.24;0.20
11905;4;3217.00;10.35;1347.50;1.32;0.28
11965;4;3152.00;10.37;1271.00;3.38;0.24
12001;4;3138.00;12.05;1302.50;2.03;0.24
12058;4;3179.50;10.80;1239.50;2.35;0.20
13364;4;3124.50;10.90;1317.50;1.89;0.16
13365;4;3128.00;13.40;1323.50;2.21;0.12
13366;4;3129.50;13.35;1321.00;3.60;0.20
13368;4;3152.00;11.07;1326.00;4.71;0.24
13369;4;3157.00;11.20;1301.50;4.46;0.16
13370;4;3191.00;11.35;1345.50;4.54;0.20
13371;4;3186.50;11.50;1350.50;3.46;0.16
13372;4;3176.50;11.00;1347.50;1.71;0.16
13373;4;3148.50;14.00;1302.50;4.51;0.20
13374;4;3157.50;10.60;1307.00;4.12;0.12
13375;4;3142.50;11.70;1307.50;-1.37;0.16
13376;4;3141.50;11.90;1315.50;1.89;0.20
13377;4;3134.50;13.50;1322.50;4.39;0.12
13378;4;3156.00;10.25;1316.50;3.14;0.12
13379;4;3145.00;10.35;1297.00;1.89;0.20
13380;4;3134.50;10.95;1311.00;4.71;0.20
13381;4;3128.50;10.10;1311.00;4.71;0.08
841;5;3133.50;14.50;1327.50;1.24;0.20
863;5;3154.50;10.20;1313.50;2.11;0.22
976;5;962.00;14.20;1465.50;2.26;0.36
966;5;3141.50;12.90;1329.50;4.60;0.24
976;5;3155.50;13.35;1300.00;1.95;0.26
1109;5;3163.50;9.60;1291.50;-0.78;0.28
1173;5;3146.50;9.90;1272.00;3.30;0.28
3526;5;3159.00;10.40;1343.50;4.54;0.20
3844;5;3158.00;10.50;1313.50;3.14;0.20
3914;5;3133.50;12.80;1317.50;1.89;0.20
3936;5;3168.50;10.80;1339.50;3.92;0.20
3973;5;3160.00;10.85;1318.50;3.66;0.36
3980;5;3143.50;11.75;1324.00;2.15;0.16
3988;5;3160.50;10.10;1285.00;2.67;0.20
4078;5;3150.50;11.80;1278.00;4.19;0.32
4109;5;3176.50;10.90;1289.50;2.94;0.24
4178;5;3160.00;12.05;1271.00;3.33;0.28
6930;5;3127.00;9.50;1309.00;3.92;0.16
6990;5;3179.50;10.10;1343.00;2.15;0.20
7096;5;3160.00;10.95;1281.50;4.01;0.26
7127;5;3181.00;9.50;1290.00;0.58;0.44
7211;5;3150.00;10.75;1288.50;3.14;0.20
9791;5;3184.00;10.60;1347.50;2.03;0.16
9805;5;3125.50;10.95;1314.00;2.67;0.16
9837;5;3137.50;13.30;1337.50;3.92;0.20
9916;5;3132.50;9.65;1308.00;3.60;0.08
9930;5;3186.00;9.90;1342.50;2.76;0.22
9940;5;3198.00;11.05;1235.50;2.76;0.20
10163;5;3157.00;9.82;1335.00;2.03;0.24
11774;5;3202.50;11.60;1346.00;2.49;0.20
11786;5;3146.00;10.15;1318.50;3.14;0.20
11818;5;3161.50;10.05;1338.00;3.38;0.16
11895;5;3149.50;10.90;1311.50;3.46;0.20
11905;5;3214.00;10.80;1349.00;3.92;0.28
12001;5;3135.00;9.50;1304.00;3.14;0.24
13364;5;3124.00;10.72;1318.00;2.35;0.16
13365;5;3126.50;12.80;1324.00;2.89;0.12
13366;5;3132.00;13.90;1321.50;2.21;0.20
13368;5;3156.00;10.90;1326.50;1.81;0.24
13369;5;3159.00;9.50;1302.50;3.14;0.16
13370;5;3192.50;11.30;1345.50;4.39;0.20
13371;5;3184.00;11.50;1350.50;4.24;0.16
13372;5;3172.00;10.90;1348.00;3.92;0.16
13373;5;3150.50;13.75;1303.00;3.60;0.20
13374;5;3159.50;10.90;1307.50;2.82;0.12
13375;5;3142.50;11.90;1308.50;4.51;0.16
13376;5;3137.50;13.20;1316.50;4.17;0.20
13377;5;3134.50;13.50;1323.50;3.92;0.12
13378;5;3159.50;10.85;1317.00;1.84;0.12
13379;5;3142.50;10.35;1298.00;2.89;0.20
13380;5;3137.00;12.45;1312.00;2.35;0.20
13381;5;3130.00;10.92;1312.00;3.14;0.08
841;6;3134.50;14.60;1329.00;1.95;0.20
863;6;3151.50;10.25;1314.00;3.38;0.22
976;6;958.00;14.00;1467.50;3.36;0.36
966;6;3144.00;13.20;1330.50;4.06;0.24
976;6;3153.50;14.00;1301.50;2.94;0.26
1109;6;3161.50;10.60;1294.50;4.30;0.28
3526;6;3165.00;11.00;1344.00;1.89;0.20
3844;6;3160.50;11.05;1314.00;2.24;0.20
3914;6;3133.00;13.05;1318.50;2.55;0.20
3936;6;3171.00;10.65;1340.50;2.76;0.20
3980;6;3141.00;12.65;1325.00;3.60;0.16
3988;6;3164.00;9.52;1285.00;1.81;0.20
4078;6;3152.00;12.30;1279.50;3.66;0.32
6930;6;3148.50;11.20;1322.00;3.38;0.18
6990;6;3176.50;11.25;1348.00;2.49;0.20
9791;6;3181.50;10.90;1348.50;3.92;0.16
9805;6;3122.00;9.50;1313.00;4.71;0.16
9837;6;3139.50;13.70;1338.50;2.94;0.20
9916;6;3135.00;11.35;1311.50;2.21;0.22
10163;6;3156.00;9.92;1337.00;2.82;0.24
11774;6;3198.50;11.20;1346.50;3.92;0.20
11786;6;3147.00;10.15;1318.50;2.76;0.20
11818;6;3161.25;10.00;1336.82;0.00;1.00
11895;6;3151.50;10.50;1312.00;2.49;0.20
11905;6;3218.00;10.05;1351.50;2.43;0.28
12001;6;3136.50;10.50;1303.50;2.60;0.24
13366;6;3131.00;13.90;1322.50;2.76;0.20
13368;6;3155.00;11.50;1328.50;2.76;0.24
13370;6;3196.50;11.30;1346.50;2.11;0.20
13372;6;3175.00;11.67;1349.00;2.35;0.16
13373;6;3151.50;12.70;1304.50;2.94;0.20
13375;6;3144.00;11.90;1309.50;3.73;0.16
13376;6;3139.00;13.25;1317.00;3.60;0.20
13377;6;3136.00;13.47;1324.00;3.14;0.12
13380;6;3135.00;11.90;1313.00;3.60;0.20
841;7;3131.50;14.40;1329.50;3.46;0.20
976;7;961.50;15.30;1468.50;2.71;0.36
966;7;3147.00;13.35;1332.00;2.82;0.24
976;7;3152.00;13.40;1303.00;3.38;0.26
1109;7;3167.50;10.50;1294.50;2.11;0.28
3526;7;3161.50;10.60;1345.00;3.38;0.20
3914;7;3128.50;13.55;1323.00;3.60;0.24
4078;7;3154.00;12.55;1279.50;3.14;0.32
9837;7;3140.50;13.50;1338.50;2.94;0.20
9916;7;3133.00;11.60;1312.50;3.14;0.22
11905;7;3214.50;10.75;1352.00;3.26;0.28
12001;7;3137.50;11.65;1304.00;2.44;0.24
13370;7;3194.50;11.85;1347.00;2.89;0.20
13373;7;3152.50;12.65;1304.00;2.49;0.20
13376;7;3141.50;12.20;1318.00;2.67;0.20
841;8;3133.00;14.55;1329.50;2.55;0.20
1109;8;3164.50;10.95;1295.00;3.38;0.28
3526;8;3163.50;11.00;1345.50;2.60;0.20
11905;8;3217.00;10.17;1353.00;2.76;0.28
13373;8;3152.50;12.40;1304.50;2.60;0.20
841;9;3130.20;13.56;1328.00;1.57;0.20
863;9;3137.20;14.02;1327.00;1.57;0.08
895;9;3168.68;9.50;1329.00;1.57;0.28
976;9;955.76;12.54;1463.00;1.57;0.36
966;9;3143.12;12.73;1329.00;1.57;0.24
976;9;3150.48;10.84;1296.00;1.57;0.16
1106;9;3124.84;9.51;1290.00;1.57;0.24
1109;9;3161.76;9.83;1293.00;1.57;0.28
1164;9;3185.48;10.05;1236.00;1.57;0.16
1173;9;3144.48;9.64;1269.00;1.57;0.28
1205;9;3141.20;12.21;1303.00;1.57;0.20
3401;9;3194.27;9.50;1282.48;1.57;0.44
3526;9;3158.76;10.36;1343.00;1.57;0.20
3844;9;3155.84;10.31;1312.00;1.57;0.20
3864;9;3161.40;10.95;1310.00;1.57;0.20
3914;9;3130.20;12.40;1317.00;1.57;0.20
3936;9;3167.48;10.59;1338.00;1.57;0.20
3973;9;3151.12;10.41;1320.00;1.57;0.20
3980;9;3140.20;12.87;1323.00;1.57;0.16
3988;9;3157.12;12.12;1284.00;1.57;0.20
4078;9;3150.40;11.28;1276.00;1.57;0.32
4109;9;3173.84;9.86;1287.00;1.57;0.24
4170;9;3205.12;9.74;1233.00;1.57;0.16
4178;9;3157.48;9.55;1264.00;1.57;0.28
4193;9;3139.12;9.50;1281.00;1.57;0.24
6550;9;3212.04;9.50;1285.00;1.57;0.44
6930;9;3126.20;9.50;1308.00;1.57;0.16
6990;9;3176.20;9.92;1342.00;1.57;0.20
7096;9;3159.76;10.45;1278.00;1.57;0.24
7127;9;3171.60;9.50;1296.00;1.57;0.44
7211;9;3142.76;9.71;1287.00;1.57;0.20
8435;9;3203.32;9.50;1316.00;1.57;0.52
9791;9;3180.84;10.53;1347.00;1.57;0.16
9805;9;3123.56;10.13;1313.00;1.57;0.16
9837;9;3136.12;12.96;1336.00;1.57;0.20
9916;9;3131.92;9.50;1307.00;1.57;0.08
9930;9;3184.12;9.59;1340.00;1.57;0.24
9940;9;3194.48;11.04;1233.00;1.57;0.20
10163;9;3152.84;11.29;1334.00;1.57;0.24
10203;9;3111.84;9.50;1314.00;1.57;0.24
11774;9;3201.48;11.19;1344.00;1.57;0.20
11786;9;3143.84;10.66;1316.00;1.57;0.20
11818;9;3162.94;10.20;1337.40;1.57;0.16
11895;9;3148.20;11.44;1310.00;1.57;0.20
11905;9;3212.48;11.00;1348.00;1.57;0.28
11965;9;3170.92;9.50;1285.00;1.57;0.08
12001;9;3132.84;10.27;1301.00;1.57;0.24
12058;9;3175.84;10.61;1238.00;1.57;0.20
13364;9;3121.56;9.63;1317.00;1.57;0.16
13365;9;3124.20;11.29;1322.00;1.57;0.12
13366;9;3128.20;12.29;1320.00;1.57;0.20
13367;9;3180.56;9.50;1328.00;1.57;0.12
13368;9;3151.84;11.09;1326.00;1.57;0.24
13369;9;3156.48;12.11;1301.00;1.57;0.16
13370;9;3191.48;11.09;1345.00;1.57;0.20
13371;9;3184.84;11.06;1349.00;1.57;0.16
13372;9;3170.48;10.70;1347.00;1.57;0.16
13373;9;3149.20;13.97;1302.00;1.57;0.20
13374;9;3156.84;10.61;1306.00;1.57;0.12
13375;9;3142.84;11.78;1308.00;1.57;0.16
13376;9;3138.20;12.76;1315.00;1.57;0.20
13377;9;3134.56;13.70;1322.00;1.57;0.12
13378;9;3153.48;10.15;1316.00;1.57;0.12
13379;9;3139.48;10.35;1296.00;1.57;0.20
13380;9;3134.20;10.87;1311.00;1.57;0.20
13381;9;3128.92;10.16;1311.00;1.57;0.08
13382;9;3163.88;10.20;1335.04;1.57;0.08
841;10;3133.80;14.51;1328.00;-1.57;0.20
863;10;3140.80;12.87;1327.00;-1.57;0.08
895;10;3177.32;9.50;1329.00;-1.57;0.28
976;10;962.24;13.38;1463.00;-1.57;0.36
966;10;3148.88;13.00;1329.00;-1.57;0.24
976;10;3155.52;11.19;1296.00;-1.57;0.16
1106;10;3129.16;9.56;1290.00;-1.57;0.24
1109;10;3168.24;10.26;1293.00;-1.57;0.28
1164;10;3190.52;10.95;1236.00;-1.57;0.16
1173;10;3149.52;9.55;1269.00;-1.57;0.28
1205;10;3144.80;12.61;1303.00;-1.57;0.20
3401;10;3194.50;9.70;1283.14;-1.57;0.44
3526;10;3165.24;10.87;1343.00;-1.57;0.20
3844;10;3160.16;10.88;1312.00;-1.57;0.20
3864;10;3168.60;10.37;1310.00;-1.57;0.20
3914;10;3133.80;12.79;1317.00;-1.57;0.20
3936;10;3172.52;10.79;1338.00;-1.57;0.20
3973;10;3156.88;10.14;1320.00;-1.57;0.20
3980;10;3143.80;11.48;1323.00;-1.57;0.16
3988;10;3162.88;9.78;1284.00;-1.57;0.20
4078;10;3157.60;12.02;1276.00;-1.57;0.32
4109;10;3178.16;10.24;1287.00;-1.57;0.24
4170;10;3210.88;9.51;1233.00;-1.57;0.16
4178;10;3162.52;9.66;1264.00;-1.57;0.28
4193;10;3144.88;10.26;1281.00;-1.57;0.24
6550;10;3219.96;9.50;1285.00;-1.57;0.44
6930;10;3129.80;9.62;1308.00;-1.57;0.16
6990;10;3179.80;9.96;1342.00;-1.57;0.20
7096;10;3166.24;9.53;1278.00;-1.57;0.24
7127;10;3182.40;10.83;1296.00;-1.57;0.44
7211;10;3149.24;11.62;1287.00;-1.57;0.20
8435;10;3212.68;9.50;1316.00;-1.57;0.52
9791;10;3185.16;10.66;1347.00;-1.57;0.16
9805;10;3126.44;10.74;1313.00;-1.57;0.16
9837;10;3141.88;13.33;1336.00;-1.57;0.20
9916;10;3134.08;9.62;1307.00;-1.57;0.08
9930;10;3189.88;9.50;1340.00;-1.57;0.24
9940;10;3199.52;10.74;1233.00;-1.57;0.20
10163;10;3157.16;9.85;1334.00;-1.57;0.24
10203;10;3116.16;9.50;1314.00;-1.57;0.24
11774;10;3206.52;11.44;1344.00;-1.57;0.20
11786;10;3148.16;9.84;1316.00;-1.57;0.20
11818;10;3163.89;10.10;1337.13;-1.57;0.16
11895;10;3151.80;10.95;1310.00;-1.57;0.20
11905;10;3217.52;10.19;1348.00;-1.57;0.28
11965;10;3173.08;9.50;1285.00;-1.57;0.08
12001;10;3137.16;11.91;1301.00;-1.57;0.24
12058;10;3180.16;11.21;1238.00;-1.57;0.20
13364;10;3124.44;10.92;1317.00;-1.57;0.16
13365;10;3127.80;12.91;1322.00;-1.57;0.12
13366;10;3131.80;13.51;1320.00;-1.57;0.20
13367;10;3183.44;9.50;1328.00;-1.57;0.12
13368;10;3156.16;10.78;1326.00;-1.57;0.24
13369;10;3161.52;9.50;1301.00;-1.57;0.16
13370;10;3196.52;10.64;1345.00;-1.57;0.20
13371;10;3189.16;11.58;1349.00;-1.57;0.16
13372;10;3175.52;10.75;1347.00;-1.57;0.16
13373;10;3152.80;13.80;1302.00;-1.57;0.20
13374;10;3161.16;10.50;1306.00;-1.57;0.12
13375;10;3147.16;12.61;1308.00;-1.57;0.16
13376;10;3141.80;11.71;1315.00;-1.57;0.20
13377;10;3137.44;13.60;1322.00;-1.57;0.12
13378;10;3158.52;10.60;1316.00;-1.57;0.12
13379;10;3144.52;9.95;1296.00;-1.57;0.20
13380;10;3137.80;12.74;1311.00;-1.57;0.20
13381;10;3131.08;10.48;1311.00;-1.57;0.08
13382;10;3163.95;10.20;1334.85;-1.57;0.08
895;19;3177.00;9.53;1332.00;1.57;0.28
976;19;3154.00;9.80;1294.00;-0.32;0.16
1106;19;3124.00;9.50;1289.00;-1.57;0.24
1109;19;3169.00;10.20;1296.00;-4.17;0.28
1164;19;3188.00;10.23;1237.00;-3.93;0.16
1173;19;3143.00;9.50;1270.00;-1.24;0.28
1205;19;3137.00;9.50;1293.00;-0.32;0.22
3401;19;3196.02;9.50;1276.65;-2.03;0.44
3844;19;3162.00;11.10;1317.00;-4.04;0.20
3864;19;3165.00;9.63;1312.00;1.57;0.20
3936;19;3175.00;9.80;1337.00;1.37;0.20
3973;19;3160.00;10.10;1322.00;-4.57;0.20
3988;19;3164.00;9.52;1285.00;1.37;0.20
4078;19;3161.00;10.30;1274.00;1.01;0.32
4109;19;3172.46;9.50;1283.41;1.28;0.24
4170;19;3210.00;9.50;1234.00;-2.68;0.16
4178;19;3155.00;9.50;1262.00;0.00;0.28
4193;19;3138.00;9.50;1283.00;-1.57;0.24
6550;19;3210.00;9.40;1295.83;-1.59;0.44
7096;19;3168.00;9.55;1275.00;0.98;0.24
7127;19;3182.00;11.03;1297.00;-2.11;0.44
7211;19;3151.00;9.65;1290.00;-2.82;0.20
8435;19;3210.78;9.60;1308.03;-1.29;0.52
9805;19;3122.00;9.50;1313.00;-0.98;0.16
9916;19;3133.00;9.50;1306.00;-0.38;0.08
9930;19;3192.00;9.50;1336.00;0.32;0.24
9940;19;3198.81;9.50;1237.89;3.16;0.20
10163;19;3160.00;9.50;1334.00;1.41;0.24
10203;19;3120.00;9.50;1310.00;1.57;0.24
11774;19;3207.00;9.50;1340.00;-0.46;0.20
11818;19;3164.00;9.53;1333.00;0.00;0.16
11905;19;3208.00;9.50;1340.00;-0.54;0.28
11965;19;3174.00;9.50;1285.00;0.00;0.08
12001;19;3132.00;9.50;1300.00;-0.46;0.24
12058;19;3179.77;9.50;1240.85;2.97;0.20
13364;19;3121.00;9.50;1315.00;-0.98;0.16
13368;19;3158.00;9.63;1331.00;-4.47;0.24
13369;19;3161.00;9.50;1303.00;1.43;0.16
13370;19;3194.00;9.78;1342.00;0.46;0.20
13382;19;3161.49;9.50;1333.30;3.80;0.10
895;20;3178.40;9.53;1333.05;2.21;0.28
976;20;3154.78;9.80;1292.43;0.46;0.16
1106;20;3122.34;9.50;1288.44;-1.24;0.24
1109;20;3170.40;10.20;1297.05;2.21;0.28
1164;20;3188.00;10.23;1238.75;3.14;0.16
1173;20;3141.30;9.50;1270.42;4.46;0.28
1205;20;3135.60;9.50;1291.95;-0.92;0.22
3401;20;3195.28;9.50;1274.69;2.22;0.44
3844;20;3163.09;11.10;1318.36;2.46;0.20
3864;20;3165.00;9.63;1313.75;3.14;0.20
3936;20;3176.71;9.80;1336.65;1.37;0.20
3973;20;3161.66;10.10;1322.55;1.89;0.20
3988;20;3165.69;9.52;1285.42;1.81;0.20
4078;20;3162.68;10.30;1273.51;1.29;0.32
4109;20;3172.38;9.50;1283.36;1.22;0.24
4170;20;3211.56;9.50;1234.78;2.03;0.16
4178;20;3153.37;9.50;1261.35;-1.19;0.28
4193;20;3136.43;9.50;1283.78;4.24;0.24
6550;20;3209.15;9.40;1297.36;3.64;0.44
7096;20;3169.50;9.55;1274.10;1.03;0.24
7127;20;3183.71;11.03;1297.34;1.76;0.44
7211;20;3152.50;9.65;1290.90;2.11;0.20
8435;20;3211.36;9.60;1306.37;0.33;0.52
9805;20;3120.25;9.50;1313.00;4.71;0.16
9916;20;3133.00;9.50;1304.25;0.00;0.08
9930;20;3193.36;9.50;1334.90;0.89;0.24
9940;20;3199.41;9.50;1239.53;2.78;0.20
10163;20;3161.75;9.50;1334.00;1.57;0.24
10203;20;3121.45;9.50;1309.02;0.98;0.24
11774;20;3208.05;9.50;1338.60;0.64;0.20
11818;20;3164.97;9.53;1331.54;0.58;0.16
11905;20;3206.84;9.50;1338.68;-0.71;0.28
11965;20;3175.75;9.50;1285.00;1.57;0.08
12001;20;3130.34;9.50;1299.44;-1.24;0.24
12058;20;3180.69;9.50;1242.33;2.58;0.20
13364;20;3119.76;9.50;1313.76;-0.78;0.16
13368;20;3159.09;9.63;1332.36;2.46;0.24
13369;20;3162.23;9.50;1304.23;2.35;0.16
13370;20;3194.00;9.78;1340.25;0.00;0.20
13382;20;3161.53;9.50;1329.53;-2.50;0.35
841;21;3134.21;14.60;1329.88;-1.57;0.20
863;21;3141.86;13.40;1326.63;-1.57;0.08
895;21;3172.44;10.80;1330.67;-1.57;0.28
976;21;956.00;12.62;1463.00;0.00;0.36
966;21;3148.88;13.00;1329.00;-1.57;0.24
976;21;3155.52;11.19;1296.00;-1.57;0.16
1106;21;3125.58;9.60;1288.98;-1.57;0.24
1109;21;3167.42;10.50;1292.77;-1.57;0.28
1164;21;3185.00;10.12;1236.00;0.00;0.16
1173;21;3149.67;9.50;1267.37;-1.57;0.28
1205;21;3144.31;12.40;1303.82;-1.57;0.20
3401;21;3199.26;9.50;1274.78;-1.60;0.44
3526;21;3164.11;11.40;1343.60;-1.57;0.20
3844;21;3158.61;10.50;1314.29;-1.57;0.20
3864;21;3163.89;11.40;1310.69;-1.57;0.20
3914;21;3134.34;13.70;1317.01;-1.57;0.20
3936;21;3172.52;10.79;1338.00;-1.57;0.20
3973;21;3155.47;10.10;1318.59;-1.57;0.20
3980;21;3142.67;12.70;1322.48;-1.57;0.16
3988;21;3161.45;9.90;1284.60;-1.57;0.20
4078;21;3155.18;12.60;1276.75;-1.57;0.32
4109;21;3174.76;10.70;1286.54;-1.57;0.24
4170;21;3205.00;9.77;1233.00;0.00;0.16
4178;21;3157.36;12.20;1267.98;-1.57;0.28
4193;21;3144.88;10.26;1281.00;-1.57;0.24
6550;21;3213.20;9.50;1293.62;0.00;0.44
6930;21;3129.12;9.50;1305.71;-1.57;0.16
6990;21;3178.03;11.00;1343.35;-1.57;0.20
7096;21;3161.44;9.50;1277.58;-1.57;0.24
7127;21;3174.89;11.60;1294.59;-1.57;0.44
7211;21;3144.35;9.50;1289.89;-1.57;0.20
8435;21;3212.12;9.50;1310.33;0.00;0.52
9791;21;3185.82;11.40;1346.30;-1.57;0.16
9805;21;3122.58;10.30;1311.86;-1.57;0.16
9837;21;3139.85;13.80;1338.86;-1.57;0.20
9916;21;3134.08;9.62;1307.00;-1.57;0.08
9930;21;3187.38;10.50;1341.27;-1.57;0.24
9940;21;3194.00;10.90;1233.00;0.00;0.20
10163;21;3152.82;12.20;1331.92;-1.57;0.24
10203;21;3114.22;9.70;1314.28;-1.57;0.24
11774;21;3206.52;11.44;1344.00;-1.57;0.20
11786;21;3147.11;9.90;1314.88;-1.57;0.20
11818;21;3163.95;9.50;1334.64;-1.57;0.16
11895;21;3150.80;11.70;1308.89;-1.57;0.20
11905;21;3211.08;10.90;1338.91;-1.57;0.28
11965;21;3173.08;9.50;1285.00;-1.57;0.08
12001;21;3134.66;11.20;1301.64;-1.57;0.24
12058;21;3175.00;10.25;1238.00;0.00;0.20
13364;21;3124.44;10.92;1317.00;-1.57;0.16
13365;21;3127.80;12.91;1322.00;-1.57;0.12
13366;21;3130.79;13.90;1320.11;-1.57;0.20
13367;21;3185.00;9.70;1328.00;0.00;0.12
13368;21;3156.50;11.70;1326.83;-1.57;0.24
13369;21;3157.01;11.50;1302.44;-1.57;0.16
13370;21;3196.52;10.64;1345.00;-1.57;0.20
13371;21;3189.16;11.58;1349.00;-1.57;0.16
13372;21;3175.52;10.75;1347.00;-1.57;0.16
13373;21;3152.80;13.80;1302.00;-1.57;0.20
13374;21;3161.16;10.50;1306.00;-1.57;0.12
13375;21;3147.16;12.61;1308.00;-1.57;0.16
13376;21;3141.80;11.71;1315.00;-1.57;0.20
13377;21;3137.44;13.60;1322.00;-1.57;0.12
13378;21;3158.52;10.60;1316.00;-1.57;0.12
13379;21;3144.52;9.95;1296.00;-1.57;0.20
13380;21;3137.80;12.74;1311.00;-1.57;0.20
13381;21;3131.08;10.48;1311.00;-1.57;0.08
13382;21;3161.70;10.10;1338.32;1.60;-0.17
841;22;3131.00;13.40;1326.50;-0.58;0.20
863;22;3137.50;13.80;1326.50;-1.24;0.08
895;22;3172.00;9.50;1329.50;3.14;0.28
976;22;958.50;12.90;1458.50;-0.11;0.36
966;22;3146.00;12.60;1327.50;0.00;0.24
976;22;3152.50;10.65;1295.00;-0.46;0.16
1106;22;3127.00;9.80;1290.50;3.14;0.24
1109;22;3167.00;9.50;1289.50;0.51;0.28
1164;22;3187.00;9.50;1235.00;-0.78;0.16
1173;22;3148.00;9.50;1267.00;0.46;0.28
1205;22;3143.50;12.10;1302.00;0.46;0.16
3401;22;3193.91;9.50;1283.63;4.05;0.44
3526;22;3159.50;10.20;1341.50;-1.03;0.20
3844;22;3157.50;9.80;1310.00;-0.24;0.20
3864;22;3165.50;9.50;1310.00;1.57;0.20
3914;22;3131.50;12.45;1315.00;-0.46;0.20
3936;22;3170.50;10.95;1336.00;0.24;0.20
3973;22;3151.50;10.20;1319.50;-1.37;0.20
3980;22;3142.50;11.45;1322.00;0.46;0.16
3988;22;3160.50;10.75;1283.00;0.46;0.20
4078;22;3156.00;12.20;1274.00;0.78;0.32
4109;22;3177.50;9.95;1286.00;0.98;0.24
4170;22;3209.00;9.50;1232.00;0.78;0.16
4178;22;3160.50;9.50;1261.00;0.16;0.28
4193;22;3140.50;9.60;1281.50;4.39;0.24
6550;22;3220.00;9.50;1283.00;1.10;0.44
6930;22;3129.00;9.50;1306.50;0.58;0.16
6990;22;3178.00;9.70;1340.50;0.00;0.20
7096;22;3165.00;9.50;1277.00;1.10;0.24
7127;22;3180.00;9.50;1292.50;0.70;0.44
7211;22;3145.00;10.35;1285.50;-0.58;0.20
8435;22;3211.50;9.50;1311.50;0.66;0.52
9791;22;3184.50;10.55;1346.00;0.98;0.16
9805;22;3123.50;9.65;1312.00;-0.98;0.16
9837;22;3137.00;13.12;1334.00;-0.78;0.20
9916;22;3133.00;9.50;1306.00;0.00;0.08
9930;22;3187.50;9.50;1339.00;0.46;0.24
9940;22;3195.50;10.15;1231.00;-0.64;0.20
10163;22;3153.00;11.55;1332.50;-0.92;0.24
10203;22;3114.50;9.70;1314.50;2.35;0.24
11774;22;3203.00;10.12;1342.00;-0.46;0.20
11786;22;3147.50;9.80;1314.50;0.78;0.20
11818;22;3163.00;9.50;1334.00;0.46;0.16
11895;22;3149.00;10.40;1309.50;-1.10;0.20
11905;22;3212.50;11.50;1343.50;-0.50;0.28
11965;22;3172.00;9.50;1284.50;0.00;0.08
12001;22;3133.50;10.50;1302.50;3.92;0.24
12058;22;3179.00;9.57;1236.00;0.46;0.20
13364;22;3123.50;10.60;1316.00;0.46;0.16
13365;22;3126.00;11.70;1321.00;0.00;0.12
13366;22;3128.50;12.25;1318.00;-0.64;0.20
13367;22;3182.00;9.50;1328.50;3.14;0.12
13368;22;3154.00;10.55;1324.50;0.00;0.24
13369;22;3161.50;10.60;1299.50;1.03;0.16
13370;22;3192.50;10.60;1344.00;-0.98;0.20
13371;22;3189.00;11.57;1348.00;1.10;0.16
13372;22;3172.50;10.10;1345.00;-0.24;0.16
13373;22;3151.00;14.07;1300.00;0.46;0.20
13374;22;3159.00;10.35;1305.00;0.00;0.12
13375;22;3144.50;12.05;1307.00;-0.46;0.16
13376;22;3139.00;12.55;1314.50;-1.10;0.20
13377;22;3135.00;14.05;1321.00;-0.78;0.12
13378;22;3153.50;9.80;1315.50;-1.37;0.12
13379;22;3141.50;9.50;1294.00;-0.24;0.20
13380;22;3137.50;12.00;1309.00;0.64;0.20
13381;22;3130.00;9.92;1310.00;0.00;0.08
13382;22;3163.50;9.50;1334.50;2.35;0.08
841;23;3132.50;13.70;1326.50;0.32;0.20
863;23;3139.50;13.35;1327.00;1.57;0.08
895;23;3168.00;9.65;1330.50;4.35;0.28
976;23;961.50;13.40;1458.50;0.50;0.36
966;23;3148.00;12.60;1327.50;0.92;0.24
976;23;3150.50;10.50;1295.50;-1.37;0.16
1106;23;3128.00;9.50;1295.50;2.96;0.24
1109;23;3166.50;9.50;1290.00;0.46;0.28
1164;23;3190.00;10.80;1235.50;1.32;0.16
1173;23;3145.50;9.70;1269.00;4.71;0.28
1205;23;3145.00;12.62;1303.00;1.57;0.16
3401;23;3204.03;9.70;1268.53;1.19;0.44
3526;23;3162.00;10.40;1341.50;0.00;0.20
3844;23;3156.00;9.80;1311.50;-1.32;0.20
3864;23;3163.00;9.50;1309.50;-1.32;0.20
3914;23;3130.50;12.55;1315.00;-0.98;0.20
3936;23;3168.00;10.65;1337.50;-1.32;0.20
3973;23;3155.50;9.95;1319.00;0.98;0.20
3980;23;3144.00;11.20;1322.00;1.10;0.16
3988;23;3163.00;9.77;1284.00;1.57;0.20
4078;23;3158.00;12.12;1274.00;1.10;0.32
4109;23;3175.00;9.92;1287.00;4.71;0.24
4170;23;3205.50;9.65;1233.00;4.71;0.16
4178;23;3162.50;9.50;1263.50;1.37;0.28
4193;23;3144.00;9.70;1278.00;0.58;0.24
6550;23;3213.50;9.50;1289.00;3.70;0.44
6930;23;3130.00;9.60;1308.00;1.57;0.16
6990;23;3176.50;9.80;1341.50;-1.24;0.20
7096;23;3160.00;10.17;1278.00;4.71;0.24
7127;23;3181.50;9.65;1293.00;0.98;0.44
7211;23;3148.00;11.57;1285.00;0.78;0.20
8435;23;3210.50;9.50;1316.50;1.76;0.52
9791;23;3182.50;10.35;1346.00;-0.46;0.16
9805;23;3125.50;10.20;1311.50;0.32;0.16
9837;23;3140.50;12.65;1334.00;0.64;0.20
9916;23;3132.50;9.60;1307.50;3.92;0.08
9930;23;3184.00;9.75;1340.50;4.54;0.24
9940;23;3199.00;9.75;1231.50;0.92;0.20
10163;23;3155.50;10.60;1333.00;0.46;0.24
10203;23;3116.50;9.50;1313.50;1.37;0.24
11774;23;3207.00;11.42;1344.00;1.57;0.20
11786;23;3145.00;10.00;1316.50;4.24;0.20
11818;23;3162.00;9.50;1335.00;0.00;0.16
11895;23;3151.50;10.10;1308.50;0.78;0.20
11905;23;3215.00;11.00;1343.50;0.00;0.28
11965;23;3173.00;9.60;1286.00;2.35;0.08
12001;23;3136.50;11.80;1299.50;0.78;0.24
12058;23;3176.00;10.75;1238.50;4.46;0.20
13364;23;3121.50;9.50;1316.00;-0.98;0.16
13365;23;3127.50;12.75;1322.00;1.57;0.12
13366;23;3131.00;13.05;1319.50;1.10;0.20
13368;23;3150.50;11.10;1324.50;-1.16;0.24
13369;23;3158.50;11.20;1300.00;-0.46;0.16
13370;23;3195.00;10.00;1343.00;0.46;0.20
13371;23;3186.00;11.12;1349.00;4.71;0.16
13372;23;3175.00;10.35;1346.00;1.10;0.16
13373;23;3149.50;13.90;1300.50;-0.32;0.20
13374;23;3161.50;10.45;1306.00;1.57;0.12
13375;23;3147.50;13.10;1306.50;1.03;0.16
13376;23;3141.50;11.90;1313.00;0.64;0.20
13377;23;3137.50;14.05;1321.00;0.98;0.12
13378;23;3154.50;9.80;1315.00;-0.98;0.12
13379;23;3140.00;10.62;1297.00;4.24;0.20
13380;23;3135.50;11.05;1310.00;-0.46;0.20
13381;23;3131.00;10.00;1310.00;0.78;0.08
13382;23;3162.50;9.50;1334.00;4.71;0.08
841;24;3133.00;14.10;1327.00;0.78;0.20
863;24;3137.00;14.25;1327.50;4.46;0.08
895;24;3171.50;9.70;1331.50;3.33;0.28
976;24;955.50;12.45;1463.00;4.71;0.36
966;24;3143.50;12.60;1328.50;-1.37;0.24
976;24;3155.50;11.20;1296.00;1.57;0.16
1109;24;3167.50;9.50;1289.50;0.62;0.28
1164;24;3185.00;10.12;1236.00;4.71;0.16
1173;24;3150.50;9.50;1268.50;1.42;0.28
1205;24;3142.00;12.20;1304.00;3.92;0.16
3401;24;3194.28;9.70;1283.17;3.78;0.44
3526;24;3165.00;10.70;1342.00;1.24;0.20
3844;24;3159.50;9.80;1312.00;1.57;0.20
3864;24;3163.00;9.57;1311.00;4.24;0.20
3914;24;3133.00;12.55;1316.00;1.57;0.20
3936;24;3172.50;10.80;1337.50;1.37;0.20
3973;24;3157.50;10.20;1320.50;1.71;0.20
3980;24;3141.00;12.42;1323.00;4.71;0.16
3988;24;3157.50;12.05;1284.00;4.71;0.20
4078;24;3152.00;11.15;1274.50;-0.92;0.32
4109;24;3174.00;10.47;1289.00;3.92;0.24
4170;24;3207.50;9.50;1234.00;3.60;0.16
4178;24;3157.00;10.35;1266.00;4.12;0.28
4193;24;3144.50;10.10;1280.50;1.37;0.24
6550;24;3218.00;9.50;1286.50;2.21;0.44
6930;24;3127.00;9.50;1308.00;4.71;0.16
6990;24;3179.50;9.80;1341.50;1.24;0.20
7096;24;3162.00;9.70;1280.00;3.60;0.24
7127;24;3177.00;10.30;1294.00;0.00;0.44
7211;24;3150.00;11.70;1287.00;1.57;0.20
8435;24;3210.00;9.50;1308.00;0.24;0.52
9791;24;3185.50;10.70;1346.50;1.37;0.16
9805;24;3126.50;10.50;1312.50;1.24;0.16
9837;24;3136.50;12.95;1336.00;4.71;0.20
9916;24;3134.00;9.62;1307.00;1.57;0.08
9930;24;3189.00;9.50;1341.50;2.21;0.24
9940;24;3200.00;10.65;1233.00;1.57;0.20
10163;24;3158.00;9.70;1333.50;1.40;0.24
11774;24;3201.50;11.50;1344.50;4.51;0.20
11786;24;3148.50;9.80;1315.50;1.37;0.20
11818;24;3160.50;9.70;1336.50;4.39;0.16
11895;24;3152.00;10.10;1308.50;0.92;0.20
11905;24;3212.50;11.30;1346.00;-0.89;0.28
11965;24;3171.00;9.50;1285.50;4.24;0.08
12001;24;3132.00;9.82;1301.00;4.71;0.24
12058;24;3180.00;10.77;1237.00;1.10;0.20
13364;24;3122.50;10.15;1318.00;3.60;0.16
13365;24;3125.00;11.65;1322.50;4.24;0.12
13366;24;3128.00;12.15;1319.50;-1.32;0.20
13368;24;3152.00;11.07;1326.00;4.71;0.24
13369;24;3160.50;9.70;1301.00;1.57;0.16
13370;24;3196.50;10.65;1345.00;1.57;0.20
13371;24;3189.50;11.70;1349.50;1.76;0.16
13372;24;3170.50;10.50;1346.00;-1.19;0.16
13373;24;3152.50;13.85;1302.00;1.57;0.20
13374;24;3156.50;10.65;1306.00;4.71;0.12
13375;24;3146.50;12.20;1308.50;1.89;0.16
13376;24;3143.00;11.30;1313.50;1.10;0.20
13377;24;3138.00;13.40;1322.50;1.81;0.12
13378;24;3157.00;9.80;1315.50;1.10;0.12
13379;24;3145.00;9.80;1295.50;1.40;0.20
13380;24;3138.50;12.70;1310.00;1.19;0.20
13381;24;3131.50;10.80;1311.50;1.89;0.08
841;25;3130.50;13.80;1328.50;4.39;0.20
863;25;3140.00;13.10;1327.50;2.03;0.08
976;25;962.50;13.35;1461.00;1.05;0.36
966;25;3148.50;13.25;1330.00;1.95;0.24
976;25;3152.50;12.25;1297.00;3.60;0.16
1109;25;3168.50;9.95;1292.00;1.29;0.28
1164;25;3188.50;10.60;1236.50;2.35;0.16
1173;25;3148.50;10.10;1271.00;2.49;0.28
1205;25;3143.50;12.40;1304.50;2.82;0.16
3526;25;3158.00;10.45;1343.50;4.58;0.20
3844;25;3158.00;9.80;1313.50;3.14;0.20
3864;25;3159.50;10.80;1309.50;2.60;0.22
3914;25;3132.00;12.40;1317.50;3.14;0.20
3936;25;3172.50;10.60;1339.50;2.11;0.20
3973;25;3151.00;10.47;1321.00;4.39;0.20
3980;25;3145.00;11.45;1322.50;1.40;0.16
3988;25;3157.00;11.50;1285.50;4.24;0.20
4078;25;3155.50;12.30;1277.00;2.15;0.32
4109;25;3175.50;10.70;1289.50;3.33;0.24
4170;25;3211.00;9.52;1234.00;1.89;0.16
4178;25;3159.00;11.60;1268.00;3.38;0.28
4193;25;3143.00;9.75;1282.50;2.55;0.24
6550;25;3214.00;9.50;1292.50;3.40;0.44
6930;25;3129.00;9.65;1308.50;2.03;0.16
6990;25;3177.50;10.00;1343.50;3.46;0.20
7096;25;3162.50;10.00;1281.50;3.33;0.26
7127;25;3175.00;11.22;1298.00;3.92;0.44
7211;25;3146.00;9.70;1289.00;3.14;0.20
9791;25;3181.50;10.75;1348.00;4.12;0.16
9805;25;3124.50;10.75;1314.00;3.60;0.16
9837;25;3142.00;13.25;1337.00;1.89;0.20
9916;25;3134.00;9.82;1308.00;2.35;0.08
9930;25;3186.50;9.80;1342.50;3.33;0.24
9940;25;3194.50;11.45;1234.00;4.33;0.20
10163;25;3154.00;10.40;1336.50;3.52;0.24
11774;25;3205.00;11.30;1346.50;2.76;0.20
11786;25;3147.50;9.80;1317.50;2.35;0.20
11818;25;3164.00;9.65;1336.50;1.81;0.16
11895;25;3152.00;9.80;1310.50;1.81;0.20
11905;25;3217.50;10.20;1348.00;1.57;0.28
11965;25;3152.00;10.37;1271.00;3.38;0.24
12001;25;3138.00;12.00;1303.00;2.15;0.24
12058;25;3179.50;10.80;1239.50;2.35;0.20
13364;25;3124.50;10.95;1318.00;2.15;0.16
13365;25;3128.00;13.40;1323.50;2.21;0.12
13366;25;3129.50;13.35;1321.00;3.60;0.20
13368;25;3156.50;10.65;1327.00;1.95;0.24
13369;25;3157.00;11.20;1301.50;4.46;0.16
13370;25;3191.00;11.35;1345.50;4.54;0.20
13371;25;3186.50;11.65;1351.00;3.38;0.16
13372;25;3176.50;11.25;1348.00;1.84;0.16
13373;25;3148.50;14.00;1302.50;4.39;0.20
13374;25;3156.50;10.60;1306.50;4.51;0.12
13375;25;3142.50;11.70;1307.50;-1.37;0.16
13376;25;3142.00;11.60;1316.00;2.03;0.20
13377;25;3134.50;13.50;1322.50;4.39;0.12
13378;25;3156.50;9.80;1317.00;2.67;0.12
13379;25;3145.50;10.70;1297.50;1.97;0.20
13380;25;3134.50;11.20;1311.50;4.39;0.20
13381;25;3129.00;10.40;1311.50;4.24;0.08
841;26;3133.50;14.45;1328.00;1.57;0.20
863;26;3154.50;10.20;1313.50;2.11;0.22
976;26;962.00;14.20;1465.50;2.26;0.36
966;26;3141.50;12.90;1330.00;4.49;0.24
976;26;3155.50;12.60;1297.50;2.11;0.16
1109;26;3164.00;9.75;1292.00;-0.78;0.28
1173;26;3146.50;9.90;1272.00;3.30;0.28
3526;26;3159.00;10.47;1344.00;4.39;0.20
3844;26;3160.50;9.80;1314.00;2.24;0.20
3914;26;3134.00;12.82;1317.00;2.03;0.20
3936;26;3169.00;10.80;1339.50;3.73;0.20
3973;26;3154.00;10.05;1321.50;3.14;0.20
3980;26;3144.50;11.55;1323.00;1.57;0.16
3988;26;3160.50;9.90;1285.50;2.82;0.20
4078;26;3150.50;11.80;1278.00;4.19;0.32
4109;26;3176.50;10.90;1289.50;2.94;0.24
4178;26;3160.00;12.05;1271.00;3.33;0.28
6930;26;3127.00;9.50;1309.00;3.92;0.16
6990;26;3180.00;10.25;1343.50;2.21;0.20
7096;26;3160.00;10.95;1281.50;4.01;0.26
7127;26;3181.00;9.50;1290.00;0.58;0.44
7211;26;3150.00;10.75;1288.50;3.14;0.20
9791;26;3184.00;10.75;1348.00;2.35;0.16
9805;26;3127.00;11.25;1313.50;1.81;0.16
9837;26;3138.00;13.40;1337.50;3.73;0.20
9916;26;3132.50;9.65;1308.00;3.60;0.08
9930;26;3186.00;9.90;1342.50;2.76;0.22
9940;26;3198.00;11.05;1235.50;2.76;0.20
10163;26;3157.00;9.80;1335.50;2.21;0.24
11774;26;3202.50;11.60;1346.00;2.49;0.20
11786;26;3146.00;9.90;1318.50;3.14;0.20
11818;26;3162.00;10.07;1338.00;3.14;0.16
11895;26;3148.00;10.22;1311.00;4.24;0.20
11905;26;3214.00;10.75;1349.50;3.73;0.28
12001;26;3135.00;9.50;1304.00;3.14;0.24
13364;26;3124.50;11.00;1318.50;2.35;0.16
13365;26;3127.00;13.00;1324.00;2.67;0.12
13366;26;3131.50;13.90;1321.50;2.35;0.20
13368;26;3155.00;11.47;1329.00;2.82;0.24
13369;26;3159.00;9.50;1302.50;3.14;0.16
13370;26;3192.50;11.55;1346.00;4.12;0.20
13371;26;3184.00;11.50;1350.50;4.24;0.16
13372;26;3172.00;10.90;1348.00;3.92;0.16
13373;26;3150.00;13.60;1303.50;3.14;0.20
13374;26;3158.00;10.65;1307.00;3.92;0.12
13375;26;3143.00;11.85;1308.50;4.46;0.16
13376;26;3138.00;13.25;1316.50;4.06;0.20
13377;26;3135.00;13.47;1324.00;3.60;0.12
13378;26;3159.50;9.90;1317.00;1.84;0.12
13379;26;3143.00;10.55;1298.50;2.76;0.20
13380;26;3137.00;12.40;1312.50;2.55;0.20
13381;26;3130.50;11.40;1312.50;2.82;0.08
841;27;3134.50;14.60;1329.50;2.11;0.20
863;27;3151.50;10.25;1314.00;3.38;0.22
976;27;958.00;14.00;1467.50;3.36;0.36
966;27;3144.00;13.20;1330.50;4.06;0.24
976;27;3153.50;14.00;1301.50;2.94;0.26
1109;27;3161.50;10.60;1294.50;4.30;0.28
3526;27;3165.00;11.00;1344.00;1.89;0.20
3844;27;3155.00;11.45;1329.50;2.76;0.18
3914;27;3133.00;12.82;1318.00;2.67;0.20
3936;27;3171.00;10.65;1340.50;2.76;0.20
3980;27;3144.00;11.90;1324.50;2.21;0.16
3988;27;3164.00;9.50;1285.50;1.93;0.20
4078;27;3152.00;12.30;1279.50;3.66;0.32
6930;27;3148.50;11.20;1322.00;3.38;0.18
6990;27;3176.50;11.25;1348.00;2.49;0.20
9791;27;3181.50;10.90;1348.50;3.92;0.16
9805;27;3126.00;11.30;1314.50;2.55;0.16
9837;27;3140.00;13.60;1338.50;2.76;0.20
9916;27;3135.00;11.35;1311.50;2.21;0.22
10163;27;3156.00;9.92;1337.00;2.82;0.24
11774;27;3198.50;11.20;1346.50;3.92;0.20
11786;27;3139.50;13.20;1318.00;3.60;0.22
11895;27;3149.50;9.80;1311.50;3.46;0.20
11905;27;3218.00;10.05;1352.00;2.49;0.28
12001;27;3137.00;11.00;1304.00;2.55;0.24
13366;27;3131.50;13.90;1322.50;2.60;0.20
13370;27;3197.00;11.60;1347.00;2.15;0.20
13372;27;3175.00;11.67;1349.00;2.35;0.16
13373;27;3152.00;12.82;1304.00;2.35;0.20
13374;27;3160.00;10.95;1307.50;2.55;0.12
13375;27;3144.00;11.90;1309.50;3.73;0.16
13376;27;3139.50;13.20;1317.50;3.33;0.20
13377;27;3136.00;13.47;1324.00;3.14;0.12
13380;27;3135.00;12.10;1313.50;3.52;0.20
841;28;3131.50;14.40;1330.00;3.38;0.20
976;28;961.50;15.30;1468.50;2.71;0.36
966;28;3147.00;13.35;1332.00;2.82;0.24
976;28;3152.00;13.40;1303.00;3.38;0.26
1109;28;3167.50;10.50;1294.50;2.11;0.28
3526;28;3162.00;10.65;1345.00;3.14;0.20
3914;28;3128.50;13.55;1323.00;3.60;0.24
3980;28;3141.00;12.65;1325.00;3.60;0.16
4078;28;3154.50;12.50;1280.00;3.01;0.32
9805;28;3122.00;9.50;1313.00;4.71;0.16
9837;28;3140.50;13.50;1338.50;2.94;0.20
9916;28;3133.00;11.60;1312.50;3.14;0.22
11895;28;3151.50;9.80;1312.00;2.49;0.20
11905;28;3214.50;10.80;1352.50;3.25;0.28
12001;28;3137.50;11.65;1304.00;2.44;0.24
13370;28;3195.00;12.05;1347.50;2.76;0.20
13373;28;3151.50;12.70;1304.50;2.60;0.20
13376;28;3141.50;12.20;1318.00;2.67;0.20
841;29;3133.50;14.65;1330.00;2.49;0.20
1109;29;3164.50;11.10;1295.50;3.33;0.28
3526;29;3164.00;11.05;1345.50;2.46;0.20
11905;29;3217.00;10.20;1353.50;2.79;0.28
841;38;3136.21;14.30;1330.44;-1.57;0.20
863;38;3140.80;12.87;1327.00;-1.57;0.08
895;38;3173.06;9.70;1330.23;-1.57;0.28
976;38;955.76;12.54;1463.00;1.57;0.36
966;38;3148.73;13.30;1328.12;-1.57;0.24
976;38;3155.52;11.19;1296.00;-1.57;0.16
1106;38;3127.66;9.80;1290.12;-1.57;0.24
1109;38;3167.14;10.80;1293.67;-1.57;0.28
1164;38;3190.52;10.95;1236.00;-1.57;0.16
1173;38;3149.56;10.30;1267.64;-1.57;0.28
1205;38;3144.44;12.57;1303.00;-1.57;0.16
3401;38;3198.53;9.70;1277.00;1.57;0.44
3526;38;3163.02;10.70;1342.91;-1.57;0.20
3844;38;3158.08;9.80;1313.91;-1.57;0.20
3864;38;3162.84;11.00;1310.54;-1.57;0.20
3914;38;3133.81;13.50;1317.13;-1.57;0.20
3936;38;3172.52;10.79;1338.00;-1.57;0.20
3973;38;3153.62;10.10;1319.79;-1.57;0.20
3980;38;3144.40;12.70;1323.75;-1.57;0.16
3988;38;3160.53;8.70;1285.66;-1.57;0.20
4078;38;3155.42;12.60;1276.51;-1.57;0.32
4109;38;3177.09;10.10;1286.58;-1.57;0.24
4170;38;3206.05;10.10;1233.64;-1.57;0.16
4178;38;3157.90;11.70;1266.13;-1.57;0.28
4193;38;3144.88;10.26;1281.00;-1.57;0.24
6550;38;3211.20;9.60;1290.59;-1.57;0.44
6930;38;3130.62;10.20;1306.29;-1.57;0.16
6990;38;3178.70;11.00;1343.58;-1.57;0.20
7096;38;3161.39;10.70;1277.43;-1.57;0.24
7127;38;3179.71;12.50;1295.65;-1.57;0.44
7211;38;3144.40;9.50;1289.30;-1.57;0.20
8435;38;3217.76;10.40;1306.56;-1.57;0.52
9791;38;3184.60;11.30;1346.56;-1.57;0.16
9805;38;3123.53;10.60;1312.07;-1.57;0.16
9837;38;3139.54;13.10;1338.47;-1.57;0.20
9916;38;3133.75;11.00;1308.01;-1.57;0.08
9930;38;3187.75;10.50;1341.80;-1.57;0.24
9940;38;3198.35;11.40;1234.57;-1.57;0.20
10163;38;3155.26;11.20;1333.70;-1.57;0.24
10203;38;3114.61;9.60;1312.82;-1.57;0.24
11774;38;3201.81;11.80;1344.56;-1.57;0.20
11786;38;3147.67;9.90;1315.25;-1.57;0.20
11818;38;3165.98;10.60;1336.79;-1.57;0.16
11895;38;3150.80;10.00;1309.93;-1.57;0.20
11905;38;3209.51;11.30;1340.07;-1.57;0.28
11965;38;3172.27;9.50;1284.76;-1.57;0.08
12001;38;3134.43;9.80;1302.75;-1.57;0.24
12058;38;3180.16;11.21;1238.00;-1.57;0.20
13369;38;3159.43;11.50;1301.17;-1.57;0.16
